(

(discharging

(voc
(303.15 305.65 308.15 311.15) ;table temperature levels
(0.1 0.1888888888888889 0.2777777777777778 0.3666666666666667 0.4555555555555556 0.5444444444444444 0.6333333333333334 0.7222222222222222 0.8111111111111111 0.9) ;table soc levels
(
3.0263          3.0376          3.0439          3.0283           ;table data at T = [303.15, 311.15], soc = 0.1
3.2180333       3.2248          3.2276333       3.2179889        ;table data at T = [303.15, 311.15], soc = 0.18888889
3.3648889       3.3703111       3.3731          3.3645889        ;table data at T = [303.15, 311.15], soc = 0.27777778
3.4939333       3.4985333       3.5007          3.4937667        ;table data at T = [303.15, 311.15], soc = 0.36666667
3.6106778       3.6153111       3.6166111       3.6094667        ;table data at T = [303.15, 311.15], soc = 0.45555556
3.7337444       3.7369556       3.7375889       3.7311556        ;table data at T = [303.15, 311.15], soc = 0.54444444
3.85405         3.8456333       3.8457          3.8417           ;table data at T = [303.15, 311.15], soc = 0.63333333
3.9507167       3.9292556       3.9287          3.9258333        ;table data at T = [303.15, 311.15], soc = 0.72222222
4.0404778       4.0400556       4.0391333       4.0363222        ;table data at T = [303.15, 311.15], soc = 0.81111111
4.0819          4.0821          4.0826          4.0821           ;table data at T = [303.15, 311.15], soc = 0.9
)
)

(rs
(303.15 305.65 308.15 311.15)
(0.1 0.1888888888888889 0.2777777777777778 0.3666666666666667 0.4555555555555556 0.5444444444444444 0.6333333333333334 0.7222222222222222 0.8111111111111111 0.9)
(
0.011866667     0.0109          0.0102          0.0101          
0.0089925926    0.0064555556    0.0079777778    0.0077592593    
0.0076740741    0.0053814815    0.0067925926    0.006637037     
0.0069111111    0.0050777778    0.0062          0.0060222222    
0.0066481481    0.005           0.0060333333    0.0057407407    
0.0066481481    0.0050444444    0.0054407407    0.0056666667    
0.0065277778    0.0055111111    0.0051          0.0053111111    
0.0061574074    0.0064074074    0.0057074074    0.0049111111    
0.0059962963    0.0065222222    0.005037037     0.0058592593    
0.0073          0.0053666667    0.0050666667    0.0047333333    
)
)

(r1
(303.15 305.65 308.15 311.15)
(0.1 0.1888888888888889 0.2777777777777778 0.3666666666666667 0.4555555555555556 0.5444444444444444 0.6333333333333334 0.7222222222222222 0.8111111111111111 0.9)
(
0.0074506761    0.0082941374    0.0077451056    0.0073907379    
0.0037834755    0.0036303545    0.0044151837    0.0040513369    
0.0028412376    0.002979821     0.0036980657    0.0033914462    
0.0031849917    0.002660991     0.0034928582    0.0037899784    
0.0037902295    0.0031474566    0.0042044238    0.0042285427    
0.0040149122    0.0036773541    0.0042334685    0.004481449     
0.0037909269    0.0040507676    0.0038862125    0.0041891517    
0.0034159996    0.0048831521    0.0043867812    0.0037426914    
0.0032799285    0.0052380395    0.0034722238    0.0048825499    
0.0048158507    0.0042175455    0.003846843     0.0038911817    
)
)

(c1
(303.15 305.65 308.15 311.15)
(0.1 0.1888888888888889 0.2777777777777778 0.3666666666666667 0.4555555555555556 0.5444444444444444 0.6333333333333334 0.7222222222222222 0.8111111111111111 0.9)
(
1094.6989       827.8288        871.17402       889.40593       
1701.1068       1895.5669       1405.7345       1308.2373       
2489.911        2438.7737       1775.0402       1698.3691       
2704.0321       2654.0479       1876.3426       1975.0965       
2870.8938       2722.6343       2064.8081       2126.1297       
2960.7183       2815.7067       2537.0993       2228.1929       
2942.3767       2621.6921       2707.1913       2614.1896       
3025.141        1960.5592       2276.755        2924.6007       
3013.4213       1760.0781       2451.8123       1865.701        
2340.3137       2379.1428       2506.7477       2586.0969       
)
)

(r2
(303.15 305.65 308.15 311.15)
(0.1 0.1888888888888889 0.2777777777777778 0.3666666666666667 0.4555555555555556 0.5444444444444444 0.6333333333333334 0.7222222222222222 0.8111111111111111 0.9)
(
0.0406532       0.047989881     0.046915177     0.044403931     
0.026828348     0.033189127     0.032278558     0.030363286     
0.019743777     0.025225465     0.021211476     0.019612985     
0.012413884     0.01482735      0.017004325     0.016762865     
0.0073627283    0.008355992     0.011350111     0.010173109     
0.0058819892    0.0077026908    0.0065315197    0.0055263754    
0.006738722     0.0070582555    0.0067720936    0.005603389     
0.0082220242    0.0042870415    0.0096007081    0.0050337432    
0.0089847628    0.0078208907    0.0089323231    0.0066618264    
0.0047035564    0.0031710436    0.0024218424    0.0040359132    
)
)

(c2
(303.15 305.65 308.15 311.15)
(0.1 0.1888888888888889 0.2777777777777778 0.3666666666666667 0.4555555555555556 0.5444444444444444 0.6333333333333334 0.7222222222222222 0.8111111111111111 0.9)
(
3239.4693       2855.2214       3011.5006       2913.7224       
5452.2888       4779.3007       4871.8111       4740.7267       
8030.0914       7029.5026       7389.5548       7345.8246       
11664.433       8314.2964       8532.8021       10509.853       
21562.608       16434.206       17907.273       18600.005       
25481.974       20058.107       24665.945       26482.443       
20086.475       24610.353       24521.414       28436.354       
15059.918       33723.187       21837.142       23333.412       
12439.021       12536.844       12801.069       14719.42        
26657.736       23957.701       45712.332       29807.757       
)
)

(r3
(298)
(0.05 0.1 0.15 0.2 0.25 0.3 0.35 0.4 0.45 0.5 0.55 0.6 0.65 0.7 0.75 0.8 0.85 0.9 0.95 1)
(
1e-10           
1e-10           
1e-10           
1e-10           
1e-10           
1e-10           
1e-10           
1e-10           
1e-10           
1e-10           
1e-10           
1e-10           
1e-10           
1e-10           
1e-10           
1e-10           
1e-10           
1e-10           
1e-10           
1e-10           
)
)

(c3
(298)
(0.05 0.1 0.15 0.2 0.25 0.3 0.35 0.4 0.45 0.5 0.55 0.6 0.65 0.7 0.75 0.8 0.85 0.9 0.95 1)
(
1e-10           
1e-10           
1e-10           
1e-10           
1e-10           
1e-10           
1e-10           
1e-10           
1e-10           
1e-10           
1e-10           
1e-10           
1e-10           
1e-10           
1e-10           
1e-10           
1e-10           
1e-10           
1e-10           
1e-10           
)
)
)

(charging

(voc
(298)
(0.05 0.1 0.15 0.2 0.25 0.3 0.35 0.4 0.45 0.5 0.55 0.6 0.65 0.7 0.75 0.8 0.85 0.9 0.95 1)
(
3.5163646       
3.6745686       
3.7103596       
3.7250287       
3.7363757       
3.7476923       
3.7597489       
3.7728775       
3.7873345       
3.8033625       
3.8212021       
3.8410936       
3.863277        
3.8879923       
3.9154797       
3.9459792       
3.9797309       
4.0169749       
4.0579512       
4.1029          
)
)

(rs
(298)
(0.05 0.1 0.15 0.2 0.25 0.3 0.35 0.4 0.45 0.5 0.55 0.6 0.65 0.7 0.75 0.8 0.85 0.9 0.95 1)
(
0.12064418      
0.08811543      
0.078497547     
0.075653795     
0.074812973     
0.074564365     
0.074490858     
0.074469124     
0.074462698     
0.074460798     
0.074460236     
0.07446007      
0.074460021     
0.074460006     
0.074460002     
0.074460001     
0.07446         
0.07446         
0.07446         
0.07446         
)
)

(r1
(298)
(0.05 0.1 0.15 0.2 0.25 0.3 0.35 0.4 0.45 0.5 0.55 0.6 0.65 0.7 0.75 0.8 0.85 0.9 0.95 1)
(
0.12141524      
0.064096051     
0.050744461     
0.047634422     
0.046909988     
0.046741243     
0.046701936     
0.04669278      
0.046690648     
0.046690151     
0.046690035     
0.046690008     
0.046690002     
0.04669         
0.04669         
0.04669         
0.04669         
0.04669         
0.04669         
0.04669         
)
)

(c1
(298)
(0.05 0.1 0.15 0.2 0.25 0.3 0.35 0.4 0.45 0.5 0.55 0.6 0.65 0.7 0.75 0.8 0.85 0.9 0.95 1)
(
320.44775       
508.61309       
604.37079       
653.10207       
677.90151       
690.52199       
696.94457       
700.21304       
701.87637       
702.72284       
703.15361       
703.37283       
703.48439       
703.54117       
703.57006       
703.58476       
703.59225       
703.59605       
703.59799       
703.59898       
)
)

(r2
(298)
(0.05 0.1 0.15 0.2 0.25 0.3 0.35 0.4 0.45 0.5 0.55 0.6 0.65 0.7 0.75 0.8 0.85 0.9 0.95 1)
(
0.052655893     
0.049841201     
0.049840001     
0.04984         
0.04984         
0.04984         
0.04984         
0.04984         
0.04984         
0.04984         
0.04984         
0.04984         
0.04984         
0.04984         
0.04984         
0.04984         
0.04984         
0.04984         
0.04984         
0.04984         
)
)

(c2
(298)
(0.05 0.1 0.15 0.2 0.25 0.3 0.35 0.4 0.45 0.5 0.55 0.6 0.65 0.7 0.75 0.8 0.85 0.9 0.95 1)
(
2914.4325       
4072.8582       
4371.3723       
4448.2962       
4468.1187       
4473.2268       
4474.5431       
4474.8822       
4474.9697       
4474.9922       
4474.998        
4474.9995       
4474.9999       
4475            
4475            
4475            
4475            
4475            
4475            
4475            
)
)

(r3
(298)
(0.05 0.1 0.15 0.2 0.25 0.3 0.35 0.4 0.45 0.5 0.55 0.6 0.65 0.7 0.75 0.8 0.85 0.9 0.95 1)
(
1e-10           
1e-10           
1e-10           
1e-10           
1e-10           
1e-10           
1e-10           
1e-10           
1e-10           
1e-10           
1e-10           
1e-10           
1e-10           
1e-10           
1e-10           
1e-10           
1e-10           
1e-10           
1e-10           
1e-10           
)
)

(c3
(298)
(0.05 0.1 0.15 0.2 0.25 0.3 0.35 0.4 0.45 0.5 0.55 0.6 0.65 0.7 0.75 0.8 0.85 0.9 0.95 1)
(
1e-10           
1e-10           
1e-10           
1e-10           
1e-10           
1e-10           
1e-10           
1e-10           
1e-10           
1e-10           
1e-10           
1e-10           
1e-10           
1e-10           
1e-10           
1e-10           
1e-10           
1e-10           
1e-10           
1e-10           
)
)
)

)
